node1,node2,startYear,endYear,start_av_streak_width_Pan77,end_av_streak_width_Pan77,start_chlorotic_area_Pan77,end_chlorotic_area_Pan77,start_deviation_from_rectangle_Pan77,end_deviation_from_rectangle_Pan77,start_stunting_Pan77,end_stunting_Pan77,start_yellowness_Pan77,end_yellowness_Pan77,start_whitness_Pan77,end_whitness_Pan77,start_av_streak_width_SC,end_av_streak_width_SC,start_chlorotic_area_SC,end_chlorotic_area_SC,start_deviation_from_rectangle_SC,end_deviation_from_rectangle_SC,start_stunting_SC,end_stunting_SC,start_yellowness_SC,end_yellowness_SC,start_whitness_SC,end_whitness_SC,start_av_streak_width_GB,end_av_streak_width_GB,start_chlorotic_area_GB,end_chlorotic_area_GB,start_deviation_from_rectangle_GB,end_deviation_from_rectangle_GB,start_stunting_GB,end_stunting_GB,start_yellowness_GB,end_yellowness_GB,start_whitness_GB,end_whitness_GB
62,63,1884.92109,1971.14403,0.0385540942764491,0.0347147913363512,22.6907058715102,27.8750150657217,1.67148696824992,1.83151439218455,0.676036739127703,0.728235684762701,0.592476352088062,0.579933217761475,0.587139978383296,0.559555165551373,0.0432053228634967,0.0391379053769873,17.0852661725454,22.554153337477,1.71510980795744,1.57055188813817,0.408593617050026,0.444528464526338,0.617448098147597,0.612802984268138,0.524321688024771,0.516729148246663,0.0466403713373244,0.0458074120443062,47.424722191206,51.0486766766961,2.3908478425424,2.18835455292794,0.176695493979244,0.181616259135686,0.61186339662308,0.606757138664964,0.604502290759256,0.620003792600642
63,4,1971.14403,1995,0.0347147913363512,0.0334648972280796,27.8750150657217,29.0402966535395,1.83151439218455,1.6796624214903,0.728235684762701,0.82355503053698,0.579933217761475,0.57879608886771,0.559555165551373,0.517390514915188,0.0391379053769873,0.0369092080149934,22.554153337477,31.8639330007285,1.57055188813817,1.69328766076468,0.444528464526338,0.39399201981748,0.612802984268138,0.597709490851363,0.516729148246663,0.542290047783842,0.0458074120443062,0.0505704409314549,51.0486766766961,50.591121556204,2.18835455292794,2.33724606126121,0.181616259135686,0.150375632999883,0.606757138664964,0.607993444662622,0.620003792600642,0.604144657436235
63,64,1971.14403,1992.00301,0.0347147913363512,0.0363970502290476,27.8750150657217,34.429535513368,1.83151439218455,1.82391584887342,0.728235684762701,0.711413437971478,0.579933217761475,0.583820433119633,0.559555165551373,0.550755284628768,0.0391379053769873,0.0398715118467601,22.554153337477,20.1991649185555,1.57055188813817,1.56612183779888,0.444528464526338,0.473232890165959,0.612802984268138,0.616626898346518,0.516729148246663,0.501877846298624,0.0458074120443062,0.0413399251489082,51.0486766766961,46.8639051623834,2.18835455292794,2.2569039336079,0.181616259135686,0.210496702615129,0.606757138664964,0.605916366442758,0.620003792600642,0.612771558399695
64,3,1992.00301,1997,0.0363970502290476,0.0411749760589199,34.429535513368,16.0306850136011,1.82391584887342,1.92067556230477,0.711413437971478,0.768660325845336,0.583820433119633,0.605350294065264,0.550755284628768,0.592404726204954,0.0398715118467601,0.031335849040483,20.1991649185555,16.4954710623817,1.56612183779888,2.19827202532643,0.473232890165959,0.542179840955387,0.616626898346518,0.615907138024751,0.501877846298624,0.619633344131634,0.0413399251489082,0.0418788644591742,46.8639051623834,32.7071791792677,2.2569039336079,3.22908790857449,0.210496702615129,0.403394382138586,0.605916366442758,0.61910941896011,0.612771558399695,0.616584787538286
64,2,1992.00301,1994,0.0363970502290476,0.0374384121823092,34.429535513368,53.5572845630916,1.82391584887342,2.22698138385052,0.711413437971478,0.741050112623489,0.583820433119633,0.589227242299087,0.550755284628768,0.574859667678793,0.0398715118467601,0.0396152973523392,20.1991649185555,43.1767530600548,1.56612183779888,1.63237791642739,0.473232890165959,0.465961552761039,0.616626898346518,0.607467361747759,0.501877846298624,0.557815320876114,0.0413399251489082,0.048792178859881,46.8639051623834,45.8591607694207,2.2569039336079,2.25325807386984,0.210496702615129,0.144024274956574,0.605916366442758,0.613366628201822,0.612771558399695,0.610706891843645
62,65,1884.92109,1918.6819,0.0385540942764491,0.0391042336496793,22.6907058715102,26.2889700024218,1.67148696824992,1.62230744638344,0.676036739127703,0.630473779914781,0.592476352088062,0.591113876750849,0.587139978383296,0.585812491955646,0.0432053228634967,0.0429097419831579,17.0852661725454,25.8199250502139,1.71510980795744,1.73603071310772,0.408593617050026,0.524312541186137,0.617448098147597,0.616799139988664,0.524321688024771,0.537410931603845,0.0466403713373244,0.0573939936656881,47.424722191206,50.2561703527225,2.3908478425424,2.73891784011586,0.176695493979244,0.205072809722464,0.61186339662308,0.618281598541785,0.604502290759256,0.61303290916548
65,66,1918.6819,1925.62857,0.0391042336496793,0.0393043787950803,26.2889700024218,29.5829552526713,1.62230744638344,1.72864411054031,0.630473779914781,0.652870646087718,0.591113876750849,0.595548028766527,0.585812491955646,0.594930569232474,0.0429097419831579,0.0424499759799503,25.8199250502139,26.5678291733077,1.73603071310772,1.74349727275249,0.524312541186137,0.502663635848393,0.616799139988664,0.611407525319035,0.537410931603845,0.524936804728718,0.0573939936656881,0.0471210666244705,50.2561703527225,52.5257041221912,2.73891784011586,2.67222260930002,0.205072809722464,0.193216079152272,0.618281598541785,0.618050430629839,0.61303290916548,0.613261790040099
66,67,1925.62857,1951.59663,0.0393043787950803,0.0376423308228516,29.5829552526713,34.3168624616647,1.72864411054031,1.75543024628623,0.652870646087718,0.604197085762893,0.595548028766527,0.606647456031956,0.594930569232474,0.592725803804192,0.0424499759799503,0.0449283062310651,26.5678291733077,34.3119044033731,1.74349727275249,1.77808357928835,0.502663635848393,0.482305010315015,0.611407525319035,0.582066404103064,0.524936804728718,0.532111381308808,0.0471210666244705,0.0531347845622527,52.5257041221912,46.7099809159457,2.67222260930002,2.49728955995372,0.193216079152272,0.193875880310788,0.618050430629839,0.613843336285711,0.613261790040099,0.60346878358589
67,68,1951.59663,1963.55382,0.0376423308228516,0.0386992366039631,34.3168624616647,36.4903464221664,1.75543024628623,1.76155323368406,0.604197085762893,0.616355333449688,0.606647456031956,0.607087899168203,0.592725803804192,0.607588562330263,0.0449283062310651,0.0456819829085976,34.3119044033731,40.3471845948707,1.77808357928835,1.80609277121001,0.482305010315015,0.499490988489684,0.582066404103064,0.61010092943373,0.532111381308808,0.5505005104669,0.0531347845622527,0.0517618033107452,46.7099809159457,42.8011201628291,2.49728955995372,2.47495929687429,0.193875880310788,0.215004535672069,0.613843336285711,0.615191897158114,0.60346878358589,0.607550410349351
68,69,1963.55382,1977.16867,0.0386992366039631,0.037295000945487,36.4903464221664,47.9466504995715,1.76155323368406,1.82569951021498,0.616355333449688,0.61651812279806,0.607087899168203,0.607897427210946,0.607588562330263,0.607898916994139,0.0456819829085976,0.0445751872004219,40.3471845948707,40.8741724548896,1.80609277121001,1.80224089858283,0.499490988489684,0.507062277978457,0.61010092943373,0.644232275648435,0.5505005104669,0.548936269280952,0.0517618033107452,0.0427677352051984,42.8011201628291,38.9463677940893,2.47495929687429,2.59161014763776,0.215004535672069,0.220950920536981,0.615191897158114,0.614574164289716,0.607550410349351,0.598191203316394
69,10,1977.16867,1990,0.037295000945487,0.0333077297808733,47.9466504995715,57.5638781931352,1.82569951021498,2.00187094865065,0.61651812279806,0.465249917322877,0.607897427210946,0.564490594045651,0.607898916994139,0.678709916491871,0.0445751872004219,0.0375588277921292,40.8741724548896,44.735461334108,1.80224089858283,1.47646402093461,0.507062277978457,0.507567637496042,0.644232275648435,0.628074951401625,0.548936269280952,0.601602809418316,0.0427677352051984,0.0509684178342006,38.9463677940893,31.4162792001981,2.59161014763776,1.98256190823543,0.220950920536981,0.371065562882898,0.614574164289716,0.589895223250155,0.598191203316394,0.567105012950735
69,70,1977.16867,1978.41914,0.037295000945487,0.0369700638428334,47.9466504995715,47.9730385290591,1.82569951021498,1.8076254361149,0.61651812279806,0.620115152591609,0.607897427210946,0.609948514558244,0.607898916994139,0.609295678227971,0.0445751872004219,0.0444455091855461,40.8741724548896,36.0706687768092,1.80224089858283,1.78497908972368,0.507062277978457,0.48857375885863,0.644232275648435,0.642584006372707,0.548936269280952,0.546266130465159,0.0427677352051984,0.0464045579409191,38.9463677940893,37.8162650395134,2.59161014763776,2.66760094841707,0.220950920536981,0.211102905717482,0.614574164289716,0.613440142925924,0.598191203316394,0.599246307976167
70,8,1978.41914,1990,0.0369700638428334,0.0349674966832143,47.9730385290591,50.1440005475317,1.8076254361149,1.71691773640476,0.620115152591609,0.586353386287735,0.609948514558244,0.606165778082573,0.609295678227971,0.537801632780776,0.0444455091855461,0.0333111367533227,36.0706687768092,23.8133898627954,1.78497908972368,1.88387228926721,0.48857375885863,0.455414105124819,0.642584006372707,0.632707340341595,0.546266130465159,0.618765941976942,0.0464045579409191,0.0478637718547581,37.8162650395134,40.7181247284616,2.66760094841707,1.83796938024354,0.211102905717482,0.158961793161992,0.613440142925924,0.589550432925471,0.599246307976167,0.576979259030398
70,9,1978.41914,1997,0.0369700638428334,0.042836747943839,47.9730385290591,21.3027856014591,1.8076254361149,2.19665135172789,0.620115152591609,0.742843733053007,0.609948514558244,0.617985944085635,0.609295678227971,0.584086689473011,0.0444455091855461,0.0412607537472463,36.0706687768092,39.2792010259308,1.78497908972368,1.6694288765914,0.48857375885863,0.463605886481147,0.642584006372707,0.632448975120512,0.546266130465159,0.593270677009159,0.0464045579409191,0.0484074268721912,37.8162650395134,34.9968808957123,2.66760094841707,3.36302083737711,0.211102905717482,0.358334251753857,0.613440142925924,0.628337316625443,0.599246307976167,0.593382567011821
68,11,1963.55382,1980,0.0386992366039631,0.0443165426786361,36.4903464221664,37.7775423297447,1.76155323368406,2.96046954804156,0.616355333449688,0.521304936746592,0.607087899168203,0.628233081886939,0.607588562330263,0.598105183499474,0.0456819829085976,0.0474535197551969,40.3471845948707,40.5308403322018,1.80609277121001,2.63544438563235,0.499490988489684,0.494103140972044,0.61010092943373,0.638469539085298,0.5505005104669,0.60028089292331,0.0517618033107452,0.0529710188975022,42.8011201628291,41.377316148245,2.47495929687429,2.82518527189164,0.215004535672069,0.319391738267016,0.615191897158114,0.635217184635,0.607550410349351,0.624130333330377
67,71,1951.59663,1959.97292,0.0376423308228516,0.0374581760831099,34.3168624616647,30.3946855524351,1.75543024628623,1.74536657701476,0.604197085762893,0.600629318359969,0.606647456031956,0.602536242085962,0.592725803804192,0.597742338526971,0.0449283062310651,0.043344663003075,34.3119044033731,34.0784034478836,1.77808357928835,1.78549954946925,0.482305010315015,0.483038538685411,0.582066404103064,0.580035619551667,0.532111381308808,0.547513532286325,0.0531347845622527,0.0503353950243344,46.7099809159457,46.7577126471379,2.49728955995372,2.41817109071805,0.193875880310788,0.257681411436657,0.613843336285711,0.615090623371549,0.60346878358589,0.607528587693472
71,72,1959.97292,1995.64642,0.0374581760831099,0.0361264422187696,30.3946855524351,33.0573166098505,1.74536657701476,1.60312944558752,0.600629318359969,0.552811143267593,0.602536242085962,0.626260137043795,0.597742338526971,0.586288000222746,0.043344663003075,0.0433245146453954,34.0784034478836,52.1165637364521,1.78549954946925,1.82308322996821,0.483038538685411,0.463331241164422,0.580035619551667,0.544751371082584,0.547513532286325,0.481511084657934,0.0503353950243344,0.0353062377367255,46.7577126471379,46.9607508981431,2.41817109071805,2.3029972864873,0.257681411436657,0.292774326717319,0.615090623371549,0.61936413923432,0.607528587693472,0.621603201042622
72,12,1995.64642,2007,0.0361264422187696,0.0346208903006745,33.0573166098505,20.8544476360308,1.60312944558752,1.84394970089158,0.552811143267593,0.597148912241539,0.626260137043795,0.630010617770203,0.586288000222746,0.626324154195808,0.0433245146453954,0.0452539961334623,52.1165637364521,54.160603513093,1.82308322996821,1.74992043839463,0.463331241164422,0.523356731830414,0.544751371082584,0.534343452283377,0.481511084657934,0.434210355030262,0.0353062377367255,0.0365484523890256,46.9607508981431,50.2022402249914,2.3029972864873,2.08881553278436,0.292774326717319,0.386754027464558,0.61936413923432,0.635016649192277,0.621603201042622,0.615369310219603
72,13,1995.64642,2006,0.0361264422187696,0.0314877996704909,33.0573166098505,24.2073247735291,1.60312944558752,1.47408153099175,0.552811143267593,0.558209426110411,0.626260137043795,0.631290947734364,0.586288000222746,0.612766270045887,0.0433245146453954,0.0463765256702188,52.1165637364521,58.7104938597887,1.82308322996821,1.75559150723502,0.463331241164422,0.5767972305998,0.544751371082584,0.536598270997627,0.481511084657934,0.450440339838844,0.0353062377367255,0.0378930982267969,46.9607508981431,55.3808585402057,2.3029972864873,2.46844937878165,0.292774326717319,0.386522984504084,0.61936413923432,0.618975393960316,0.621603201042622,0.597678210290391
71,73,1959.97292,1960.54091,0.0374581760831099,0.0374604618297333,30.3946855524351,29.6303480175289,1.74536657701476,1.75238617840724,0.600629318359969,0.600482787181861,0.602536242085962,0.602343582669632,0.597742338526971,0.58841118705961,0.043344663003075,0.0433869461973357,34.0784034478836,34.8590422837514,1.78549954946925,1.78442026738927,0.483038538685411,0.486102670186629,0.580035619551667,0.585167027170572,0.547513532286325,0.551229853043325,0.0503353950243344,0.0519065763965822,46.7577126471379,45.6852641462835,2.41817109071805,2.39635199162076,0.257681411436657,0.245890301734198,0.615090623371549,0.614400520185302,0.607528587693472,0.608123257251856
73,74,1960.54091,1965.04581,0.0374604618297333,0.0364417131932833,29.6303480175289,29.9495072331993,1.75238617840724,1.7000230772571,0.600482787181861,0.612345832983266,0.602343582669632,0.600987141045144,0.58841118705961,0.598472368747012,0.0433869461973357,0.0428311586738142,34.8590422837514,41.2635071178685,1.78442026738927,1.80737648725948,0.486102670186629,0.487846081038866,0.585167027170572,0.596372500193691,0.551229853043325,0.557267062322161,0.0519065763965822,0.051666512330548,45.6852641462835,45.3013040691903,2.39635199162076,2.40701589511624,0.245890301734198,0.267138126106712,0.614400520185302,0.616080921162476,0.608123257251856,0.608418514227286
74,75,1965.04581,1969.53039,0.0364417131932833,0.038519532047301,29.9495072331993,27.121649152142,1.7000230772571,1.67103855818603,0.612345832983266,0.601952236647238,0.600987141045144,0.60471955278643,0.598472368747012,0.602558050706891,0.0428311586738142,0.0430070354583393,41.2635071178685,40.4987312420768,1.80737648725948,1.79919482825999,0.487846081038866,0.483746366793758,0.596372500193691,0.602142084601545,0.557267062322161,0.55701541264945,0.051666512330548,0.0589547214160372,45.3013040691903,46.7436091366216,2.40701589511624,2.46057492975778,0.267138126106712,0.213197059797948,0.616080921162476,0.616216070992076,0.608418514227286,0.607891081992361
75,76,1969.53039,1972.09385,0.038519532047301,0.0381800173394133,27.121649152142,29.0325685206332,1.67103855818603,1.67317726804628,0.601952236647238,0.598737021258042,0.60471955278643,0.605832759199945,0.602558050706891,0.601782877640341,0.0430070354583393,0.0426450492031706,40.4987312420768,37.6464107534786,1.79919482825999,1.81894021989133,0.483746366793758,0.484399837589961,0.602142084601545,0.588227904949107,0.55701541264945,0.546787695681236,0.0589547214160372,0.0582458793164297,46.7436091366216,46.9235344268128,2.46057492975778,2.45682964274709,0.213197059797948,0.191749452508953,0.616216070992076,0.616565590458037,0.607891081992361,0.611784531380602
76,22,1972.09385,1979,0.0381800173394133,0.0467818074589586,29.0325685206332,15.7657649975509,1.67317726804628,1.4849051182009,0.598737021258042,0.599715081353405,0.605832759199945,0.5921453264276,0.601782877640341,0.572527749729298,0.0426450492031706,0.0384712437730306,37.6464107534786,36.7362394929057,1.81894021989133,1.54589031394187,0.484399837589961,0.588453525738103,0.588227904949107,0.601852207569781,0.546787695681236,0.538498264321163,0.0582458793164297,0.0540674013571446,46.9235344268128,49.9965860781311,2.45682964274709,1.69018907387973,0.191749452508953,0.181027064821222,0.616565590458037,0.614662396133227,0.611784531380602,0.614520152785089
76,77,1972.09385,1976.46188,0.0381800173394133,0.0389669510326767,29.0325685206332,28.6599494150528,1.67317726804628,1.64355445971806,0.598737021258042,0.597001322930463,0.605832759199945,0.60725231236892,0.601782877640341,0.59397466303786,0.0426450492031706,0.0431296383764814,37.6464107534786,39.4927005272839,1.81894021989133,1.83676153105672,0.484399837589961,0.469678772215761,0.588227904949107,0.585825651376896,0.546787695681236,0.551853830687984,0.0582458793164297,0.05049371600156,46.9235344268128,47.1238587254555,2.45682964274709,2.53299955917722,0.191749452508953,0.175893586691192,0.616565590458037,0.617406105249262,0.611784531380602,0.611205600103603
77,20,1976.46188,1979,0.0389669510326767,0.0479895865189456,28.6599494150528,30.3542910057265,1.64355445971806,1.56570927328397,0.597001322930463,0.510953719938238,0.60725231236892,0.592003821318631,0.59397466303786,0.578751254036861,0.0431296383764814,0.0481188879116015,39.4927005272839,50.0108290966009,1.83676153105672,2.01410379788159,0.469678772215761,0.432289972061544,0.585825651376896,0.604505169288577,0.551853830687984,0.572274421136943,0.05049371600156,0.0563360700621117,47.1238587254555,54.7857928811309,2.53299955917722,2.9438190703334,0.175893586691192,0.0873459060094481,0.617406105249262,0.588025851057672,0.611205600103603,0.619989603185525
77,21,1976.46188,1979,0.0389669510326767,0.0484862889447536,28.6599494150528,32.0044142936898,1.64355445971806,1.4156506422339,0.597001322930463,0.538832513654991,0.60725231236892,0.60397362488431,0.59397466303786,0.578644315755698,0.0431296383764814,0.0460102901991974,39.4927005272839,45.4001198072013,1.83676153105672,1.95322212697392,0.469678772215761,0.240949617275887,0.585825651376896,0.602980729962501,0.551853830687984,0.561442304632195,0.05049371600156,0.0450672861749858,47.1238587254555,54.232416981839,2.53299955917722,2.14076040858345,0.175893586691192,0.0833567629842793,0.617406105249262,0.618786319074149,0.611205600103603,0.568956319132136
75,78,1969.53039,1988.37274,0.038519532047301,0.0379613357375226,27.121649152142,26.6903096448421,1.67103855818603,1.72391593035421,0.601952236647238,0.584572220688304,0.60471955278643,0.604878245856235,0.602558050706891,0.589684578247218,0.0430070354583393,0.0429336784849808,40.4987312420768,39.5141158092923,1.79919482825999,1.82684978450722,0.483746366793758,0.468284519494137,0.602142084601545,0.595334373893389,0.55701541264945,0.574107751436748,0.0589547214160372,0.0511739510027307,46.7436091366216,45.5362937184597,2.46057492975778,2.35058602116238,0.213197059797948,0.187843325707117,0.616216070992076,0.616339331504981,0.607891081992361,0.603502575942042
78,18,1988.37274,2006,0.0379613357375226,0.0366135652857883,26.6903096448421,34.1920899800571,1.72391593035421,1.61922393471936,0.584572220688304,0.572059109475217,0.604878245856235,0.633251444594952,0.589684578247218,0.624690831519402,0.0429336784849808,0.0479488547634379,39.5141158092923,59.9601826163122,1.82684978450722,1.74360004171402,0.468284519494137,0.458516695435832,0.595334373893389,0.598330826356692,0.574107751436748,0.574022852735177,0.0511739510027307,0.0450358776673104,45.5362937184597,60.2763707070545,2.35058602116238,1.97205613709673,0.187843325707117,0.256760085975756,0.616339331504981,0.6373034633011,0.603502575942042,0.66563014597914
78,19,1988.37274,1989,0.0379613357375226,0.033568636183461,26.6903096448421,17.2038045280598,1.72391593035421,3.09208737002886,0.584572220688304,0.646837960541071,0.604878245856235,0.607979269817488,0.589684578247218,0.587299216348619,0.0429336784849808,0.0476331714162515,39.5141158092923,38.9933466456031,1.82684978450722,1.96572425303096,0.468284519494137,0.295047593944019,0.595334373893389,0.615877560490999,0.574107751436748,0.573999453904867,0.0511739510027307,0.0541449764835827,45.5362937184597,44.2916227793731,2.35058602116238,3.0855440616477,0.187843325707117,0.145199860126561,0.616339331504981,0.61264108234443,0.603502575942042,0.5850854997171
74,23,1965.04581,1989,0.0364417131932833,0.0190037964337012,29.9495072331993,42.102914466178,1.7000230772571,1.50934145909318,0.612345832983266,0.622603431952172,0.600987141045144,0.622918174367874,0.598472368747012,0.645528459375185,0.0428311586738142,0.0455676004992615,41.2635071178685,44.5315275856224,1.80737648725948,1.87390957340306,0.487846081038866,0.396268543543148,0.596372500193691,0.630842712935976,0.557267062322161,0.630502491435892,0.051666512330548,0.0686991772782614,45.3013040691903,55.693993173288,2.40701589511624,3.27827348968608,0.267138126106712,0.0905174540001706,0.616080921162476,0.613254711183683,0.608418514227286,0.623948544777958
73,79,1960.54091,1963.15855,0.0374604618297333,0.0378766125139408,29.6303480175289,25.1325848520412,1.75238617840724,1.72142062192673,0.600482787181861,0.59917839890222,0.602343582669632,0.603154106010289,0.58841118705961,0.57821682366701,0.0433869461973357,0.0433449474114559,34.8590422837514,30.9058383850177,1.78442026738927,1.78225531432663,0.486102670186629,0.511805267795875,0.585167027170572,0.58570830521764,0.551229853043325,0.549244805950776,0.0519065763965822,0.0531764704124338,45.6852641462835,46.9276431876848,2.39635199162076,2.51420222035589,0.245890301734198,0.221122906539378,0.614400520185302,0.615351245798361,0.608123257251856,0.606451076124013
79,80,1963.15855,1989.20494,0.0378766125139408,0.0370452578846562,25.1325848520412,21.6246316832736,1.72142062192673,1.55043647083712,0.59917839890222,0.603702055552988,0.603154106010289,0.609099248147507,0.57821682366701,0.604998581283294,0.0433449474114559,0.0448610018858291,30.9058383850177,41.9060123415942,1.78225531432663,1.77568901999187,0.511805267795875,0.520806744558599,0.58570830521764,0.549396345042104,0.549244805950776,0.554338258482094,0.0531764704124338,0.0389975279193406,46.9276431876848,39.6918871848264,2.51420222035589,2.02849924724577,0.221122906539378,0.414631488298953,0.615351245798361,0.619896677331839,0.606451076124013,0.624197180705435
80,81,1989.20494,1996.33411,0.0370452578846562,0.0380213309660753,21.6246316832736,21.4768672758971,1.55043647083712,1.58263082716103,0.603702055552988,0.617181541071664,0.609099248147507,0.618555154916552,0.604998581283294,0.612118591824672,0.0448610018858291,0.0428255515356755,41.9060123415942,51.1539518257965,1.77568901999187,1.80501903013635,0.520806744558599,0.52292111473223,0.549396345042104,0.541519729255502,0.554338258482094,0.54083233569291,0.0389975279193406,0.044153506188474,39.6918871848264,42.2359712117101,2.02849924724577,2.08278929513901,0.414631488298953,0.449960751085977,0.619896677331839,0.621158738309559,0.624197180705435,0.628242508941338
81,14,1996.33411,2006,0.0380213309660753,0.0383345531521102,21.4768672758971,38.2252534811218,1.58263082716103,1.65336036087512,0.617181541071664,0.516825090259421,0.618555154916552,0.634598416708403,0.612118591824672,0.618954906732501,0.0428255515356755,0.0533435119620543,51.1539518257965,69.3215829563001,1.80501903013635,2.02479114212364,0.52292111473223,0.612345762022959,0.541519729255502,0.525759348710509,0.54083233569291,0.420077610306829,0.044153506188474,0.0408230363923388,42.2359712117101,45.1955571329143,2.08278929513901,1.745955807694,0.449960751085977,0.490308788165912,0.621158738309559,0.634928014497706,0.628242508941338,0.624797052697379
81,15,1996.33411,2006,0.0380213309660753,0.0315209822183592,21.4768672758971,24.3429987876695,1.58263082716103,1.49774638352933,0.617181541071664,0.542971047891746,0.618555154916552,0.632928813299368,0.612118591824672,0.619948653414223,0.0428255515356755,0.0450906381185003,51.1539518257965,64.9242233953601,1.80501903013635,1.59545499378163,0.52292111473223,0.742195364830002,0.541519729255502,0.523647071388573,0.54083233569291,0.409011871406693,0.044153506188474,0.035209234583779,42.2359712117101,54.0730069596549,2.08278929513901,1.7763784565311,0.449960751085977,0.384882035188938,0.621158738309559,0.62408386904882,0.628242508941338,0.615860738682475
80,82,1989.20494,1995.32763,0.0370452578846562,0.037466658505303,21.6246316832736,19.8178275158155,1.55043647083712,1.57777929130526,0.603702055552988,0.608682332445712,0.609099248147507,0.611066649805404,0.604998581283294,0.604818338014707,0.0448610018858291,0.0438877604702341,41.9060123415942,34.9787944738288,1.77568901999187,1.79033602549642,0.520806744558599,0.52505611609463,0.549396345042104,0.545906336766494,0.554338258482094,0.568167036679539,0.0389975279193406,0.028841796156483,39.6918871848264,41.1194953636391,2.02849924724577,2.06388300333938,0.414631488298953,0.414222366622321,0.619896677331839,0.618895686727551,0.624197180705435,0.62403355861269
82,16,1995.32763,2006,0.037466658505303,0.0319711471760602,19.8178275158155,11.0353975722002,1.57777929130526,1.69186439563787,0.608682332445712,0.728578396928,0.611066649805404,0.62148044544821,0.604818338014707,0.613746405624481,0.0438877604702341,0.0388133111633878,34.9787944738288,39.6619276522759,1.79033602549642,1.83754081849925,0.52505611609463,0.617673491884545,0.545906336766494,0.530339446654277,0.568167036679539,0.442709732626249,0.028841796156483,0.0319303447304872,41.1194953636391,40.8180989604684,2.06388300333938,2.08362472451691,0.414222366622321,0.341969691132593,0.618895686727551,0.619231153600888,0.62403355861269,0.611651134416021
82,17,1995.32763,2007,0.037466658505303,0.0333661782903752,19.8178275158155,8.48066097621881,1.57777929130526,1.45832649920948,0.608682332445712,0.682700351949598,0.611066649805404,0.619192330813602,0.604818338014707,0.623257683026561,0.0438877604702341,0.0316084369195594,34.9787944738288,16.4096710335853,1.79033602549642,1.39317030130222,0.52505611609463,0.736651676112016,0.545906336766494,0.599359988987538,0.568167036679539,0.568671643508534,0.028841796156483,0.026225546502136,41.1194953636391,27.1034653164725,2.06388300333938,1.63168506621064,0.414222366622321,0.610887796035728,0.618895686727551,0.618598889958991,0.62403355861269,0.601505374992935
79,83,1963.15855,1971.71464,0.0378766125139408,0.0384613196505515,25.1325848520412,26.2592203299746,1.72142062192673,1.77080099216043,0.59917839890222,0.587366366948635,0.603154106010289,0.609616849181251,0.57821682366701,0.565213947653517,0.0433449474114559,0.0432742217797034,30.9058383850177,30.6039744351928,1.78225531432663,1.78064361153774,0.511805267795875,0.483694039715838,0.58570830521764,0.617892113047224,0.549244805950776,0.567273913148014,0.0531764704124338,0.0496979530583727,46.9276431876848,47.3374760610855,2.51420222035589,2.83061115356447,0.221122906539378,0.187292063944414,0.615351245798361,0.614132226273775,0.606451076124013,0.617820934536642
83,84,1971.71464,1981.2028,0.0384613196505515,0.0396039644115503,26.2592203299746,26.0146077579561,1.77080099216043,1.72711488682419,0.587366366948635,0.599194048398569,0.609616849181251,0.608165051863773,0.565213947653517,0.554879737236158,0.0432742217797034,0.0427000519448298,30.6039744351928,28.8971070741239,1.78064361153774,1.75614176021795,0.483694039715838,0.481019624450798,0.617892113047224,0.615469194224738,0.567273913148014,0.562208060363009,0.0496979530583727,0.0439842224022535,47.3374760610855,49.3397686113531,2.83061115356447,2.86809375742409,0.187292063944414,0.175487488561231,0.614132226273775,0.61440786291198,0.617820934536642,0.621360815397052
84,24,1981.2028,1989,0.0396039644115503,0.0386589768633904,26.0146077579561,10.8819814066406,1.72711488682419,2.01694818351984,0.599194048398569,0.629456629020449,0.608165051863773,0.648774045222126,0.554879737236158,0.517940778418175,0.0427000519448298,0.0425414475772781,28.8971070741239,39.5248053234071,1.75614176021795,1.97632953233059,0.481019624450798,0.395108802723812,0.615469194224738,0.625595374242777,0.562208060363009,0.625746673714982,0.0439842224022535,0.0395816382648148,49.3397686113531,33.3594989818405,2.86809375742409,2.67462353619972,0.175487488561231,0.0367170472786169,0.61440786291198,0.626310420230914,0.621360815397052,0.633673725248723
84,25,1981.2028,2006,0.0396039644115503,0.0382606213918024,26.0146077579561,37.7297068041665,1.72711488682419,1.67623174475451,0.599194048398569,0.683833741802702,0.608165051863773,0.625580782898565,0.554879737236158,0.610903997647979,0.0427000519448298,0.0574280484317887,28.8971070741239,69.3592784827397,1.75614176021795,2.05266298154603,0.481019624450798,0.44263015232129,0.615469194224738,0.56415171600971,0.562208060363009,0.495098477732793,0.0439842224022535,0.0454749855824046,49.3397686113531,57.8474144288319,2.86809375742409,2.4354929988625,0.175487488561231,0.367763860768292,0.61440786291198,0.630188661232483,0.621360815397052,0.632686080228706
83,26,1971.71464,1987,0.0384613196505515,0.0418163797029576,26.2592203299746,43.9842883801726,1.77080099216043,1.94647206595213,0.587366366948635,0.715409125824378,0.609616849181251,0.6252607996745,0.565213947653517,0.520077426372281,0.0432742217797034,0.0340111708343651,30.6039744351928,26.821711318391,1.78064361153774,1.77881617717619,0.483694039715838,0.542559349442149,0.617892113047224,0.621913530077402,0.567273913148014,0.589516706971369,0.0496979530583727,0.0731940334629688,47.3374760610855,58.0517711340572,2.83061115356447,3.07600727240845,0.187292063944414,0.161611582997016,0.614132226273775,0.597746897492842,0.617820934536642,0.593770566854669
66,85,1925.62857,1947.6359,0.0393043787950803,0.0379147269104407,29.5829552526713,33.7636178281061,1.72864411054031,1.76874951037973,0.652870646087718,0.65855691731785,0.595548028766527,0.603054910856435,0.594930569232474,0.622941851896549,0.0424499759799503,0.0431236709191575,26.5678291733077,31.8971788126206,1.74349727275249,1.77963621382371,0.502663635848393,0.432329635724902,0.611407525319035,0.626316821299812,0.524936804728718,0.551803778426751,0.0471210666244705,0.0545036364196814,52.5257041221912,55.1188927730832,2.67222260930002,2.68973558686262,0.193216079152272,0.163177947493897,0.618050430629839,0.614063172458603,0.613261790040099,0.614773984469313
85,7,1947.6359,1979,0.0379147269104407,0.0310648472431076,33.7636178281061,21.6748424448712,1.76874951037973,2.04883710532859,0.65855691731785,0.769360096386767,0.603054910856435,0.573558728624109,0.622941851896549,0.600850799581356,0.0431236709191575,0.0476193771475632,31.8971788126206,49.4638010467903,1.77963621382371,1.48185672402316,0.432329635724902,0.364736506156065,0.626316821299812,0.6259028037961,0.551803778426751,0.594566583445991,0.0545036364196814,0.0572297539394318,55.1188927730832,53.214741767387,2.68973558686262,2.40151110183881,0.163177947493897,0.1443946698675,0.614063172458603,0.602840753034015,0.614773984469313,0.57875822608984
85,86,1947.6359,1955.5625,0.0379147269104407,0.038232693662015,33.7636178281061,36.1473718000208,1.76874951037973,1.73913215763111,0.65855691731785,0.676610864659739,0.603054910856435,0.600282225527318,0.622941851896549,0.619203431912199,0.0431236709191575,0.0430463176655385,31.8971788126206,32.7155511370417,1.77963621382371,1.76010025805797,0.432329635724902,0.429953181560179,0.626316821299812,0.643852164685479,0.551803778426751,0.564297055617115,0.0545036364196814,0.0566272654308161,55.1188927730832,53.0638015831035,2.68973558686262,2.75047129456667,0.163177947493897,0.123650373383438,0.614063172458603,0.613958069447814,0.614773984469313,0.616256605852334
86,6,1955.5625,1979,0.038232693662015,0.0481055973801998,36.1473718000208,29.4289654803362,1.73913215763111,1.34096413129839,0.676610864659739,0.56602401714818,0.600282225527318,0.591097527595478,0.619203431912199,0.543648898416012,0.0430463176655385,0.0429789076006307,32.7155511370417,36.0119002063648,1.76010025805797,1.72505448156966,0.429953181560179,0.47216590505433,0.643852164685479,0.598003289537329,0.564297055617115,0.529118729935452,0.0566272654308161,0.063719222087205,53.0638015831035,55.2545687404346,2.75047129456667,3.257494643937,0.123650373383438,0.0878947191610494,0.613958069447814,0.597350324882945,0.616256605852334,0.591970427395804
86,5,1955.5625,1989,0.038232693662015,0.0398140206988502,36.1473718000208,44.0635878047536,1.73913215763111,2.18476581084077,0.676610864659739,0.878521759128431,0.600282225527318,0.583992688735398,0.619203431912199,0.70005875907233,0.0430463176655385,0.0417441678072251,32.7155511370417,41.5731257657045,1.76010025805797,2.1195425915383,0.429953181560179,0.408837506783955,0.643852164685479,0.612719750581234,0.564297055617115,0.584548623519495,0.0566272654308161,0.0705113734118296,53.0638015831035,50.1259704133429,2.75047129456667,4.29145746476259,0.123650373383438,0.0548421843027782,0.613958069447814,0.599689318637591,0.616256605852334,0.633201871680618
65,87,1918.6819,1950.09341,0.0391042336496793,0.0384986672064008,26.2889700024218,27.6289252428188,1.62230744638344,1.76929922894872,0.630473779914781,0.615097647166795,0.591113876750849,0.593954345169028,0.585812491955646,0.538420788778228,0.0429097419831579,0.0433760860424004,25.8199250502139,35.5917706805258,1.73603071310772,1.84164631849587,0.524312541186137,0.495124333431962,0.616799139988664,0.576013967918399,0.537410931603845,0.526959502414459,0.0573939936656881,0.0495832032152062,50.2561703527225,49.7389642864078,2.73891784011586,2.34394291346122,0.205072809722464,0.253567334902758,0.618281598541785,0.610345074821913,0.61303290916548,0.600698542272628
87,88,1950.09341,1952.854,0.0384986672064008,0.0381235314824757,27.6289252428188,29.6679022478696,1.76929922894872,1.81129014497259,0.615097647166795,0.614621055975048,0.593954345169028,0.595403728147152,0.538420788778228,0.528700688617559,0.0433760860424004,0.04374272991674,35.5917706805258,39.8098751731406,1.84164631849587,1.83342517109663,0.495124333431962,0.511639680477383,0.576013967918399,0.587685290721277,0.526959502414459,0.53800466036798,0.0495832032152062,0.0462926075965848,49.7389642864078,50.9445723835152,2.34394291346122,2.42897765453456,0.253567334902758,0.216995118280324,0.610345074821913,0.609865425005811,0.600698542272628,0.60175810746449
88,89,1952.854,1967.64384,0.0381235314824757,0.0375991924443493,29.6679022478696,32.446843722193,1.81129014497259,1.77811999985988,0.614621055975048,0.597237757104875,0.595403728147152,0.59702088095082,0.528700688617559,0.528915328689262,0.04374272991674,0.0452800117065656,39.8098751731406,49.0394141364123,1.83342517109663,1.79166247850645,0.511639680477383,0.513314543010886,0.587685290721277,0.586009905531777,0.53800466036798,0.514866672745689,0.0462926075965848,0.0457746581655015,50.9445723835152,55.9832255652506,2.42897765453456,2.56427008146255,0.216995118280324,0.252295830608649,0.609865425005811,0.606244865727593,0.60175810746449,0.594394824462967
89,90,1967.64384,1981.63183,0.0375991924443493,0.0375872652494692,32.446843722193,27.6681629732591,1.77811999985988,1.73003276510037,0.597237757104875,0.574254521144303,0.59702088095082,0.582713669864734,0.528915328689262,0.501379383283683,0.0452800117065656,0.0460552415125631,49.0394141364123,53.0422496518466,1.79166247850645,1.74774473219935,0.513314543010886,0.522533632292406,0.586009905531777,0.566977670951577,0.514866672745689,0.524405789580532,0.0457746581655015,0.0424483201023329,55.9832255652506,50.7559984898951,2.56427008146255,2.20516871278865,0.252295830608649,0.314535047819247,0.606244865727593,0.601492446129694,0.594394824462967,0.584131837770239
90,91,1981.63183,1992.38927,0.0375872652494692,0.0398723849182293,27.6681629732591,25.0386119676335,1.73003276510037,1.71891047915257,0.574254521144303,0.563276831042059,0.582713669864734,0.579725133995151,0.501379383283683,0.509182818886512,0.0460552415125631,0.0460966476182814,53.0422496518466,45.6838810827504,1.74774473219935,1.72904968916069,0.522533632292406,0.537521631362694,0.566977670951577,0.583232163185735,0.524405789580532,0.53868716581113,0.0424483201023329,0.0430373857707067,50.7559984898951,51.662593487991,2.20516871278865,1.9187824882914,0.314535047819247,0.294119402121149,0.601492446129694,0.597756378780558,0.584131837770239,0.592094436608956
91,57,1992.38927,2005,0.0398723849182293,0.0338533304571231,25.0386119676335,32.9927240785309,1.71891047915257,1.60569901886515,0.563276831042059,0.487291294725804,0.579725133995151,0.566091754003896,0.509182818886512,0.502358165258152,0.0460966476182814,0.0535510844930228,45.6838810827504,70.1435951247373,1.72904968916069,1.55036992081734,0.537521631362694,0.493646142873071,0.583232163185735,0.581224125381059,0.53868716581113,0.564254295055489,0.0430373857707067,0.0484953322568284,51.662593487991,65.1793019399083,1.9187824882914,2.07070353293473,0.294119402121149,0.35526143619002,0.597756378780558,0.596291402152359,0.592094436608956,0.588361520427723
91,92,1992.38927,1998.40854,0.0398723849182293,0.0396522440276592,25.0386119676335,19.7349874573577,1.71891047915257,1.75504896434066,0.563276831042059,0.600104921200649,0.579725133995151,0.585412358344745,0.509182818886512,0.502308045138822,0.0460966476182814,0.0470900968346261,45.6838810827504,55.9927713476206,1.72904968916069,1.73121712759384,0.537521631362694,0.534308644846721,0.583232163185735,0.563345115036324,0.53868716581113,0.53419170026671,0.0430373857707067,0.0410632009468213,51.662593487991,55.578377655426,1.9187824882914,1.85125280726717,0.294119402121149,0.263920636842197,0.597756378780558,0.600526484492481,0.592094436608956,0.595035050043087
92,58,1998.40854,2005,0.0396522440276592,0.0296637779058521,19.7349874573577,9.87485771123657,1.75504896434066,1.51817935950722,0.600104921200649,0.606849431034771,0.585412358344745,0.530141402100454,0.502308045138822,0.435846959536089,0.0470900968346261,0.0337571722530417,55.9927713476206,24.8134650034006,1.73121712759384,1.99384706251697,0.534308644846721,0.57177455542645,0.563345115036324,0.550670286778173,0.53419170026671,0.475233873684579,0.0410632009468213,0.0319771910165783,55.578377655426,40.2977226415705,1.85125280726717,1.58356742059816,0.263920636842197,0.331660223295385,0.600526484492481,0.554743047412814,0.595035050043087,0.48137543742459
92,59,1998.40854,2005,0.0396522440276592,0.033461764520489,19.7349874573577,35.6618091518543,1.75504896434066,1.3777229472716,0.600104921200649,0.661664286368132,0.585412358344745,0.573762978984752,0.502308045138822,0.523217824735855,0.0470900968346261,0.0524230230317274,55.9927713476206,74.1071177150337,1.73121712759384,1.97094466448283,0.534308644846721,0.534021420941019,0.563345115036324,0.579107304527958,0.53419170026671,0.541124986599995,0.0410632009468213,0.0537929042545125,55.578377655426,68.3929299093118,1.85125280726717,2.65970635405918,0.263920636842197,0.209202067748975,0.600526484492481,0.591744246997258,0.595035050043087,0.585118727113562
90,56,1981.63183,1988,0.0375872652494692,0.0573622382682409,27.6681629732591,21.1626916101906,1.73003276510037,2.32067279469032,0.574254521144303,0.818706832355302,0.582713669864734,0.566088316175861,0.501379383283683,0.509271807014375,0.0460552415125631,0.037449861548289,53.0422496518466,28.5197332254691,1.74774473219935,1.4883706707733,0.522533632292406,0.615942264180438,0.566977670951577,0.581604324880872,0.524405789580532,0.515008994789447,0.0424483201023329,0.0412720253316655,50.7559984898951,39.2703734366468,2.20516871278865,1.7707508726241,0.314535047819247,0.595955021137508,0.601492446129694,0.59747099265766,0.584131837770239,0.554151790719147
89,93,1967.64384,1974.73756,0.0375991924443493,0.0364136835707458,32.446843722193,39.136867839522,1.77811999985988,1.75277435856696,0.597237757104875,0.572370853154255,0.59702088095082,0.591771527553475,0.528915328689262,0.526914332967766,0.0452800117065656,0.0457207804425405,49.0394141364123,53.0976078892119,1.79166247850645,1.74896783582358,0.513314543010886,0.509292201237117,0.586009905531777,0.60414845505913,0.514866672745689,0.529534215169742,0.0457746581655015,0.0576178980045702,55.9832255652506,58.2736159053976,2.56427008146255,2.59026058518915,0.252295830608649,0.219168463661957,0.606244865727593,0.604715983230286,0.594394824462967,0.59944802681317
93,94,1974.73756,1985.4086,0.0364136835707458,0.0357959077912481,39.136867839522,36.1147363732729,1.75277435856696,1.76232124527224,0.572370853154255,0.580000991791124,0.591771527553475,0.586806924781549,0.526914332967766,0.53262383274472,0.0457207804425405,0.0470899856802822,53.0976078892119,55.9604516485059,1.74896783582358,1.79286913003982,0.509292201237117,0.498307988016904,0.60414845505913,0.608290744331793,0.529534215169742,0.524540071386667,0.0576178980045702,0.0517865263363717,58.2736159053976,59.9159844523767,2.59026058518915,2.45316988778175,0.219168463661957,0.187748053516588,0.604715983230286,0.605557979491024,0.59944802681317,0.590859871355743
94,41,1985.4086,2005,0.0357959077912481,0.03816842802396,36.1147363732729,45.8223507677495,1.76232124527224,1.72547424036211,0.580000991791124,0.546596820992681,0.586806924781549,0.532889921117731,0.53262383274472,0.441742783298837,0.0470899856802822,0.0404978752611855,55.9604516485059,54.1811834883007,1.79286913003982,2.24164606829916,0.498307988016904,0.503076461855268,0.608290744331793,0.610031895963131,0.524540071386667,0.607625105080364,0.0517865263363717,0.0451973798178359,59.9159844523767,67.1606013711772,2.45316988778175,2.54520545294387,0.187748053516588,0.20163782727643,0.605557979491024,0.634198730276509,0.590859871355743,0.579759829857909
94,40,1985.4086,2005,0.0357959077912481,0.0282118073158446,36.1147363732729,4.44706731993508,1.76232124527224,1.5348913162162,0.580000991791124,0.995196028503929,0.586806924781549,0.638818635979681,0.53262383274472,0.649266758282596,0.0470899856802822,0.0421345026791399,55.9604516485059,52.8488110337477,1.79286913003982,1.35578576255072,0.498307988016904,0.781215453317852,0.608290744331793,0.580061188049599,0.524540071386667,0.559158998668426,0.0517865263363717,0.0496554383705541,59.9159844523767,68.3961572727793,2.45316988778175,2.94649361928725,0.187748053516588,0.279717430995197,0.605557979491024,0.57289945079869,0.590859871355743,0.550106418255452
93,95,1974.73756,1975.78983,0.0364136835707458,0.0371010310289058,39.136867839522,39.8951032035936,1.75277435856696,1.78512433177662,0.572370853154255,0.579586993023347,0.591771527553475,0.590201631321451,0.526914332967766,0.530203046947367,0.0457207804425405,0.0456319548300243,53.0976078892119,51.7841945781677,1.74896783582358,1.78231786255059,0.509292201237117,0.505879155335341,0.60414845505913,0.607189146851917,0.529534215169742,0.529439595459765,0.0576178980045702,0.0565751814367379,58.2736159053976,60.2832201643305,2.59026058518915,2.54731603284359,0.219168463661957,0.216848637094011,0.604715983230286,0.604591024296291,0.59944802681317,0.598262909441792
95,96,1975.78983,1981.59273,0.0371010310289058,0.0375935359069604,39.8951032035936,41.3476045127653,1.78512433177662,1.77050527296802,0.579586993023347,0.52966467250149,0.590201631321451,0.584778043415028,0.530203046947367,0.5258413201372,0.0456319548300243,0.0472271281288814,51.7841945781677,53.0957945500228,1.78231786255059,1.77324931252499,0.505879155335341,0.505441230079179,0.607189146851917,0.606608987643071,0.529439595459765,0.542967934705186,0.0565751814367379,0.0656502717151502,60.2832201643305,63.0436892874841,2.54731603284359,2.55740568877263,0.216848637094011,0.223553026543752,0.604591024296291,0.603628896781331,0.598262909441792,0.604756652685087
96,97,1981.59273,1986.10913,0.0375935359069604,0.0382847102300813,41.3476045127653,40.8197266629327,1.77050527296802,1.81317292067849,0.52966467250149,0.538620198909158,0.584778043415028,0.579314470578364,0.5258413201372,0.525594164418265,0.0472271281288814,0.0486036961140133,53.0957945500228,50.3696934960963,1.77324931252499,1.77515513663397,0.505441230079179,0.48441278637549,0.606608987643071,0.612596851154301,0.542967934705186,0.546338965827069,0.0656502717151502,0.0710585764816209,63.0436892874841,66.4527646119429,2.55740568877263,2.62512182654729,0.223553026543752,0.213983928373582,0.603628896781331,0.602890863822617,0.604756652685087,0.604420603705465
97,98,1986.10913,1987.84544,0.0382847102300813,0.0376753535218716,40.8197266629327,40.8065696259554,1.81317292067849,1.82530711486234,0.538620198909158,0.536533275314841,0.579314470578364,0.580581975188294,0.525594164418265,0.52860894975943,0.0486036961140133,0.048828291785173,50.3696934960963,49.7479833750807,1.77515513663397,1.74933027725719,0.48441278637549,0.48500742473905,0.612596851154301,0.600829188708915,0.546338965827069,0.555428135860165,0.0710585764816209,0.0726280519571012,66.4527646119429,66.9482729360629,2.62512182654729,2.62943580783781,0.213983928373582,0.235175784950399,0.602890863822617,0.603612087626375,0.604420603705465,0.604610415514396
98,99,1987.84544,1992.06323,0.0376753535218716,0.0374803148010617,40.8065696259554,42.1124915430631,1.82530711486234,1.89916648126293,0.536533275314841,0.528668674798041,0.580581975188294,0.574505737886609,0.52860894975943,0.530944033566953,0.048828291785173,0.0492038833301499,49.7479833750807,48.9777069007631,1.74933027725719,1.7662924285745,0.48500742473905,0.461236041112097,0.600829188708915,0.589107162484055,0.555428135860165,0.559020875082868,0.0726280519571012,0.0638215761497638,66.9482729360629,68.654113868523,2.62943580783781,2.56995102254713,0.235175784950399,0.181808054478459,0.603612087626375,0.604446997340636,0.604610415514396,0.603331447687088
99,50,1992.06323,1998,0.0374803148010617,0.0452978563372403,42.1124915430631,42.230380682025,1.89916648126293,2.94899781757512,0.528668674798041,0.556931573692851,0.574505737886609,0.625047651706592,0.530944033566953,0.593558033625058,0.0492038833301499,0.0428279910160088,48.9777069007631,40.8582969107055,1.7662924285745,3.68348874242152,0.461236041112097,0.485682056045575,0.589107162484055,0.640791007163888,0.559020875082868,0.616274946739431,0.0638215761497638,0.0468870101242904,68.654113868523,50.602030182273,2.56995102254713,3.21216733982995,0.181808054478459,0.28245910509304,0.604446997340636,0.619470666141701,0.603331447687088,0.592883241408489
99,100,1992.06323,1997.48736,0.0374803148010617,0.0371841621559873,42.1124915430631,45.0950634444305,1.89916648126293,1.78846271035435,0.528668674798041,0.517657187578057,0.574505737886609,0.579043859400736,0.530944033566953,0.51331673793027,0.0492038833301499,0.0501038705679964,48.9777069007631,47.6090908934953,1.7662924285745,1.78081149695029,0.461236041112097,0.463161487096723,0.589107162484055,0.556314011631765,0.559020875082868,0.556695086728519,0.0638215761497638,0.0620037725850855,68.654113868523,70.5469961755969,2.56995102254713,2.37589227455218,0.181808054478459,0.201628701663294,0.604446997340636,0.602280152472216,0.603331447687088,0.598149809161265
100,101,1997.48736,2001.64142,0.0371841621559873,0.0363488227434473,45.0950634444305,45.6295379333612,1.78846271035435,1.76888253355814,0.517657187578057,0.538153024330691,0.579043859400736,0.574760381050494,0.51331673793027,0.510143389601036,0.0501038705679964,0.0501374442010271,47.6090908934953,45.1553538711094,1.78081149695029,1.79476452634701,0.463161487096723,0.467002674884251,0.556314011631765,0.551450026747717,0.556695086728519,0.55900990524077,0.0620037725850855,0.065270353076656,70.5469961755969,68.0716021674702,2.37589227455218,2.37424171756625,0.201628701663294,0.193634761903528,0.602280152472216,0.603132497547487,0.598149809161265,0.588338834257655
101,52,2001.64142,2005,0.0363488227434473,0.0374143474573236,45.6295379333612,46.2408425254689,1.76888253355814,1.57133856136682,0.538153024330691,0.518439548298602,0.574760381050494,0.529884736818078,0.510143389601036,0.421090131486849,0.0501374442010271,0.0529842353630825,45.1553538711094,74.3794587586815,1.79476452634701,1.58734817143165,0.467002674884251,0.455364139625205,0.551450026747717,0.569150671397486,0.55900990524077,0.522220343334314,0.065270353076656,0.0608408419227216,68.0716021674702,71.7183350922702,2.37424171756625,2.17099513360197,0.193634761903528,0.163881998850535,0.603132497547487,0.583898849010628,0.588338834257655,0.56802935738101
101,51,2001.64142,2005,0.0363488227434473,0.0375824960844935,45.6295379333612,59.3159454837651,1.76888253355814,1.42077893015252,0.538153024330691,0.569290024526817,0.574760381050494,0.56430797796402,0.510143389601036,0.495228998930766,0.0501374442010271,0.0588156502202757,45.1553538711094,72.5793885475524,1.79476452634701,1.96329969996126,0.467002674884251,0.38613181438663,0.551450026747717,0.577252232696914,0.55900990524077,0.570760036404729,0.065270353076656,0.0621444676902602,68.0716021674702,72.7925683132451,2.37424171756625,2.40131096388235,0.193634761903528,0.216417788030541,0.603132497547487,0.592883705299159,0.588338834257655,0.585880258768742
100,53,1997.48736,2005,0.0371841621559873,0.0436241058476272,45.0950634444305,52.3126963036145,1.78846271035435,1.69543282338062,0.517657187578057,0.522281350813191,0.579043859400736,0.536884364156595,0.51331673793027,0.445875529291469,0.0501038705679964,0.0554109474249835,47.6090908934953,76.1872749900327,1.78081149695029,1.78837229755484,0.463161487096723,0.432474213358272,0.556314011631765,0.566385562339969,0.556695086728519,0.525887227193492,0.0620037725850855,0.0543458985892849,70.5469961755969,69.8881404167728,2.37589227455218,2.16686413125398,0.201628701663294,0.194004495878188,0.602280152472216,0.580605774789775,0.598149809161265,0.559110726366913
98,54,1987.84544,2005,0.0376753535218716,0.0398348755230395,40.8065696259554,52.5840360647089,1.82530711486234,1.38449698326156,0.536533275314841,0.561982443067404,0.580581975188294,0.560976497806425,0.52860894975943,0.501390067307267,0.048828291785173,0.0518005487103233,49.7479833750807,64.776759483382,1.74933027725719,2.34766367305698,0.48500742473905,0.51532270312239,0.600829188708915,0.575506809176056,0.555428135860165,0.560663383791429,0.0726280519571012,0.0558160188275405,66.9482729360629,68.7820397411794,2.62943580783781,2.29025838073806,0.235175784950399,0.171017406380462,0.603612087626375,0.578303125569774,0.604610415514396,0.552780365183356
97,55,1986.10913,1994,0.0382847102300813,0.0381508809219655,40.8197266629327,24.4840956962703,1.81317292067849,2.01255313353861,0.538620198909158,0.547506875324451,0.579314470578364,0.594591952900024,0.525594164418265,0.544765215067827,0.0486036961140133,0.0612323058162829,50.3696934960963,64.9519565851068,1.77515513663397,1.4722516069508,0.48441278637549,0.421169932524776,0.612596851154301,0.627406716225502,0.546338965827069,0.621186068303489,0.0710585764816209,0.0723008330775056,66.4527646119429,61.5215688497812,2.62512182654729,3.54306639796752,0.213983928373582,0.110406141283878,0.602890863822617,0.599238623865073,0.604420603705465,0.611129314719646
96,102,1981.59273,1991.04301,0.0375935359069604,0.0395633061667842,41.3476045127653,41.2165159193905,1.77050527296802,1.80837103957287,0.52966467250149,0.526709623453247,0.584778043415028,0.586272359766138,0.5258413201372,0.521538331944911,0.0472271281288814,0.0487681258386779,53.0957945500228,55.8113659347134,1.77324931252499,1.74971484283615,0.505441230079179,0.500858178282538,0.606608987643071,0.579324050087048,0.542967934705186,0.524118630144088,0.0656502717151502,0.0555263268041888,63.0436892874841,66.499206610381,2.55740568877263,2.50596654158858,0.223553026543752,0.238345019973843,0.603628896781331,0.60475115040499,0.604756652685087,0.600674769855523
102,103,1991.04301,1995.95941,0.0395633061667842,0.0404397898549941,41.2165159193905,43.7141295249618,1.80837103957287,1.70881204264853,0.526709623453247,0.544864070086372,0.586272359766138,0.585554583433444,0.521538331944911,0.50772314020123,0.0487681258386779,0.0495820278053896,55.8113659347134,54.2344163914945,1.74971484283615,1.78477876934174,0.500858178282538,0.564370352357405,0.579324050087048,0.573387308390536,0.524118630144088,0.525970129267166,0.0555263268041888,0.0502273481682422,66.499206610381,67.5313480401114,2.50596654158858,2.41247082103023,0.238345019973843,0.273100079505573,0.60475115040499,0.602142099456479,0.600674769855523,0.598924509987206
103,104,1995.95941,1997.46453,0.0404397898549941,0.0402435782501551,43.7141295249618,43.6129661702046,1.70881204264853,1.71914854111874,0.544864070086372,0.552679502156921,0.585554583433444,0.586593829580372,0.50772314020123,0.504058661064952,0.0495820278053896,0.0496740125473717,54.2344163914945,56.1441995024699,1.78477876934174,1.80262193543663,0.564370352357405,0.564003149490991,0.573387308390536,0.570314109097617,0.525970129267166,0.517939811655544,0.0502273481682422,0.048918916305343,67.5313480401114,67.291026460913,2.41247082103023,2.3298113638466,0.273100079505573,0.287091031832581,0.602142099456479,0.600914043713739,0.598924509987206,0.598196796813226
104,45,1997.46453,2007,0.0402435782501551,0.0375595992284828,43.6129661702046,42.6557942972698,1.71914854111874,1.55959073226464,0.552679502156921,0.53889661514053,0.586593829580372,0.622538798285089,0.504058661064952,0.58993236627046,0.0496740125473717,0.0555970506753885,56.1441995024699,72.1980131875584,1.80262193543663,1.57613121597974,0.564003149490991,0.572535422182045,0.570314109097617,0.531852584900456,0.517939811655544,0.436322781124637,0.048918916305343,0.0488210087830005,67.291026460913,59.3441706311895,2.3298113638466,1.94748590887058,0.287091031832581,0.265332911929666,0.600914043713739,0.63548946473368,0.598196796813226,0.666829002455751
104,105,1997.46453,1998.58605,0.0402435782501551,0.0396675115372326,43.6129661702046,44.0216423801204,1.71914854111874,1.71255092929765,0.552679502156921,0.568839403441399,0.586593829580372,0.586130241916449,0.504058661064952,0.503047408465585,0.0496740125473717,0.0502162406337517,56.1441995024699,54.6632575320104,1.80262193543663,1.79253104887758,0.564003149490991,0.562945459119114,0.570314109097617,0.575961443356321,0.517939811655544,0.516475113819291,0.048918916305343,0.0460781747376389,67.291026460913,68.1479346684947,2.3298113638466,2.31664480087686,0.287091031832581,0.299929443534219,0.600914043713739,0.600649148675726,0.598196796813226,0.59728856906663
105,106,1998.58605,2002.97595,0.0396675115372326,0.0383735739239586,44.0216423801204,45.4427069932944,1.71255092929765,1.67220379615118,0.568839403441399,0.544020112183758,0.586130241916449,0.588866289131796,0.503047408465585,0.492318920241437,0.0502162406337517,0.0505344514128429,54.6632575320104,55.6577676294641,1.79253104887758,1.80135654867459,0.562945459119114,0.569901643010766,0.575961443356321,0.560162044892948,0.516475113819291,0.515028964878478,0.0460781747376389,0.0495916364074178,68.1479346684947,68.2387679873403,2.31664480087686,2.26660079664689,0.299929443534219,0.273064351823487,0.600649148675726,0.600373600125162,0.59728856906663,0.594546988735045
106,48,2002.97595,2006,0.0383735739239586,0.0335249561171375,45.4427069932944,32.5923749218947,1.67220379615118,1.51043935306142,0.544020112183758,0.614597177762001,0.588866289131796,0.642568646800799,0.492318920241437,0.626828985386894,0.0505344514128429,0.0516469387734262,55.6577676294641,73.1323157463911,1.80135654867459,1.62557425246214,0.569901643010766,0.561358773320689,0.560162044892948,0.531769279494521,0.515028964878478,0.432401703086467,0.0495916364074178,0.0478934021934054,68.2387679873403,63.5102299126149,2.26660079664689,1.91984335307091,0.273064351823487,0.260646864284124,0.600373600125162,0.641775993716795,0.594546988735045,0.647921140121958
106,47,2002.97595,2005,0.0383735739239586,0.0393092708265763,45.4427069932944,56.5939386758577,1.67220379615118,1.56118715232768,0.544020112183758,0.38901696960022,0.588866289131796,0.527148395309579,0.492318920241437,0.430630057852777,0.0505344514128429,0.0575489062619659,55.6577676294641,75.2796009110024,1.80135654867459,2.38351998830465,0.569901643010766,0.466792357679257,0.560162044892948,0.572110904622488,0.515028964878478,0.539087938321693,0.0495916364074178,0.0537093383045962,68.2387679873403,70.9395528675146,2.26660079664689,2.62150525455799,0.273064351823487,0.101461842649129,0.600373600125162,0.573890747436263,0.594546988735045,0.561605757559538
105,46,1998.58605,2007,0.0396675115372326,0.0382991461326328,44.0216423801204,37.2449340992071,1.71255092929765,1.5746813672912,0.568839403441399,0.60815383623033,0.586130241916449,0.63407489768704,0.503047408465585,0.615120155629395,0.0502162406337517,0.0434029150261914,54.6632575320104,57.5302489476934,1.79253104887758,1.81924706567504,0.562945459119114,0.332587069990159,0.575961443356321,0.621295247908766,0.516475113819291,0.583371224882147,0.0460781747376389,0.0448447705557146,68.1479346684947,60.040888119646,2.31664480087686,2.46181012774643,0.299929443534219,0.315381678792363,0.600649148675726,0.622396407913628,0.59728856906663,0.635849064792738
103,49,1995.95941,2005,0.0404397898549941,0.0354152129061295,43.7141295249618,32.4257488125448,1.70881204264853,1.9311454032352,0.544864070086372,0.515576606353554,0.585554583433444,0.526047637149109,0.50772314020123,0.424133745964448,0.0495820278053896,0.0463217207021807,54.2344163914945,60.0920936687869,1.78477876934174,1.96274172632354,0.564370352357405,0.529850110731014,0.573387308390536,0.562656278438829,0.525970129267166,0.505028324374633,0.0502273481682422,0.0452475174825676,67.5313480401114,57.8371349060198,2.41247082103023,2.50857561376358,0.273100079505573,0.143240847868377,0.602142099456479,0.574682992765727,0.598924509987206,0.55392950063341
102,44,1991.04301,2005,0.0395633061667842,0.0431116024741329,41.2165159193905,59.3523350085115,1.80837103957287,1.66055949021906,0.526709623453247,0.56858717468961,0.586272359766138,0.562225768344191,0.521538331944911,0.495307520890529,0.0487681258386779,0.0575355423982177,55.8113659347134,75.0171944544651,1.74971484283615,2.27176420877332,0.500858178282538,0.418103567931343,0.579324050087048,0.577241451984404,0.524118630144088,0.553921278060291,0.0555263268041888,0.0707732312399223,66.499206610381,73.5812047181418,2.50596654158858,3.40481638087209,0.238345019973843,0.176098612309539,0.60475115040499,0.582152187721894,0.600674769855523,0.585996848752331
95,107,1975.78983,1979.34869,0.0371010310289058,0.0379447863520814,39.8951032035936,38.9036031163362,1.78512433177662,1.78833096526014,0.579586993023347,0.584402734546801,0.590201631321451,0.59291347333773,0.530203046947367,0.539569037748082,0.0456319548300243,0.0459695211726447,51.7841945781677,50.0959330643599,1.78231786255059,1.81800677623637,0.505879155335341,0.50305117458591,0.607189146851917,0.62904226070417,0.529439595459765,0.541323179402853,0.0565751814367379,0.0616769717780356,60.2832201643305,58.3499842767922,2.54731603284359,2.73084788763915,0.216848637094011,0.210197685388047,0.604591024296291,0.605115454872293,0.598262909441792,0.60191065060364
107,43,1979.34869,1987,0.0379447863520814,0.0428510167562606,38.9036031163362,76.2757702967104,1.78833096526014,1.73329717763808,0.584402734546801,0.61277701650707,0.59291347333773,0.666986045438732,0.539569037748082,0.503460048497953,0.0459695211726447,0.0534767578921924,50.0959330643599,62.5410257982992,1.81800677623637,1.54436799743289,0.50305117458591,0.240941734252098,0.62904226070417,0.631649560075489,0.541323179402853,0.628945804971693,0.0616769717780356,0.0652043507427572,58.3499842767922,54.9179132155226,2.73084788763915,3.64906556320438,0.210197685388047,0.0826473689613226,0.605115454872293,0.606181766338234,0.60191065060364,0.621452546352174
107,42,1979.34869,1993,0.0379447863520814,0.0490935508790101,38.9036031163362,33.6671972514863,1.78833096526014,1.79975109643379,0.584402734546801,0.712691448937043,0.59291347333773,0.564418778449084,0.539569037748082,0.446218939619144,0.0459695211726447,0.046309541405541,50.0959330643599,52.2387232893202,1.81800677623637,1.98826298277416,0.50305117458591,0.226583045121281,0.62904226070417,0.63250244005456,0.541323179402853,0.626211898514714,0.0616769717780356,0.0635620196926643,58.3499842767922,57.718592442691,2.73084788763915,2.62577260972202,0.210197685388047,0.125268830354952,0.605115454872293,0.60624210145111,0.60191065060364,0.640003799728332
88,60,1952.854,1987,0.0381235314824757,0.0471268831495557,29.6679022478696,34.5990592461568,1.81129014497259,1.16813708699922,0.614621055975048,0.694329602154119,0.595403728147152,0.594756696326843,0.528700688617559,0.564105434687917,0.04374272991674,0.0342933476938064,39.8098751731406,27.5489247015871,1.83342517109663,1.78078444763641,0.511639680477383,0.47179881932301,0.587685290721277,0.623285323251876,0.53800466036798,0.605070314084107,0.0462926075965848,0.0557610833112498,50.9445723835152,53.7259663300947,2.42897765453456,2.55647049944298,0.216995118280324,0.112295494343946,0.609865425005811,0.597639752126285,0.60175810746449,0.618451783020983
87,108,1950.09341,1962.19454,0.0384986672064008,0.0384370762329176,27.6289252428188,29.2152445065874,1.76929922894872,1.89368036489696,0.615097647166795,0.582705292420625,0.593954345169028,0.606112606155903,0.538420788778228,0.538884522243693,0.0433760860424004,0.0442098047605235,35.5917706805258,33.3097653499432,1.84164631849587,1.83487963445774,0.495124333431962,0.52197809058986,0.576013967918399,0.55961116839315,0.526959502414459,0.500004764452283,0.0495832032152062,0.0478201483422946,49.7389642864078,52.3068757403719,2.34394291346122,2.37495076564355,0.253567334902758,0.288482782385001,0.610345074821913,0.609757497882353,0.600698542272628,0.604651369930384
108,109,1962.19454,1962.57004,0.0384370762329176,0.0388115127056674,29.2152445065874,29.8168292425316,1.89368036489696,1.87778356180075,0.582705292420625,0.583632462815281,0.606112606155903,0.60672890939697,0.538884522243693,0.537298723268367,0.0442098047605235,0.0445822469698931,33.3097653499432,34.9081796103707,1.83487963445774,1.83335189798226,0.52197809058986,0.523140153820101,0.55961116839315,0.55637624822197,0.500004764452283,0.498827099171395,0.0478201483422946,0.0469958765467479,52.3068757403719,52.699897943831,2.37495076564355,2.35212177084909,0.288482782385001,0.282225510417231,0.609757497882353,0.609700882347766,0.604651369930384,0.60606607296796
109,110,1962.57004,1972.45448,0.0388115127056674,0.0383291622747396,29.8168292425316,34.2415079834062,1.87778356180075,1.82527801714489,0.583632462815281,0.601376723141548,0.60672890939697,0.604227968306546,0.537298723268367,0.541469585774999,0.0445822469698931,0.0444863427264561,34.9081796103707,33.5126541010467,1.83335189798226,1.80654643785295,0.523140153820101,0.529154253121456,0.55637624822197,0.550092817334362,0.498827099171395,0.473190026415163,0.0469958765467479,0.0419977203375433,52.699897943831,52.5521890798238,2.35212177084909,2.20288143898941,0.282225510417231,0.281951159384712,0.609700882347766,0.611381616306542,0.60606607296796,0.611619695799963
110,34,1972.45448,2006,0.0383291622747396,0.0334805130160086,34.2415079834062,29.9771153326309,1.82527801714489,1.75041507536051,0.601376723141548,0.585121853357956,0.604227968306546,0.640709849179403,0.541469585774999,0.625430303483961,0.0444863427264561,0.0454307443303501,33.5126541010467,58.1943052324407,1.80654643785295,1.85511024016696,0.529154253121456,0.562550281662154,0.550092817334362,0.52913703799237,0.473190026415163,0.415695632163238,0.0419977203375433,0.0366649733229485,52.5521890798238,53.0166374403687,2.20288143898941,1.83931981100246,0.281951159384712,0.361361410832947,0.611381616306542,0.626403099306653,0.611619695799963,0.593570419322253
110,111,1972.45448,1988.25638,0.0383291622747396,0.0363559813491742,34.2415079834062,30.6222798270623,1.82527801714489,1.66940024113538,0.601376723141548,0.598058052970347,0.604227968306546,0.608042371250715,0.541469585774999,0.550590065582568,0.0444863427264561,0.0436097453001291,33.5126541010467,49.3949015273888,1.80654643785295,1.79317663061914,0.529154253121456,0.586368552374074,0.550092817334362,0.554486885515099,0.473190026415163,0.469713257802289,0.0419977203375433,0.0430456842233679,52.5521890798238,53.1434914776613,2.20288143898941,2.1755349646327,0.281951159384712,0.23211516975189,0.611381616306542,0.608272685447613,0.611619695799963,0.611440209610597
111,112,1988.25638,1988.3837,0.0363559813491742,0.0365054167567209,30.6222798270623,31.2306371037544,1.66940024113538,1.67393262853149,0.598058052970347,0.602933143678978,0.608042371250715,0.608823440075172,0.550590065582568,0.549992354349027,0.0436097453001291,0.0435384720945112,49.3949015273888,49.2661070723269,1.79317663061914,1.79846949011552,0.586368552374074,0.588866498655457,0.554486885515099,0.555085040670146,0.469713257802289,0.472163680513522,0.0430456842233679,0.042810308288547,53.1434914776613,53.7022629208626,2.1755349646327,2.1516253187263,0.23211516975189,0.234534917822721,0.608272685447613,0.608264575299239,0.611440209610597,0.611874040503701
112,113,1988.3837,1998.0059,0.0365054167567209,0.0377979700792493,31.2306371037544,36.6306471741833,1.67393262853149,1.61881016761626,0.602933143678978,0.590016671826568,0.608823440075172,0.615682493793866,0.549992354349027,0.556017817548211,0.0435384720945112,0.0436048461497623,49.2661070723269,49.9929611545042,1.79846949011552,1.75044671565448,0.588866498655457,0.588320587380031,0.555085040670146,0.543147341263827,0.472163680513522,0.491498451256194,0.042810308288547,0.0449835351884016,53.7022629208626,52.5234059060073,2.1516253187263,2.19730848012962,0.234534917822721,0.218535789406311,0.608264575299239,0.616165798118328,0.611874040503701,0.611814781809507
113,31,1998.0059,2007,0.0377979700792493,0.0326472065310131,36.6306471741833,23.8079525874595,1.61881016761626,1.60598809414632,0.590016671826568,0.53513450449033,0.615682493793866,0.615280451756224,0.556017817548211,0.582449391734048,0.0436048461497623,0.0370644331906571,49.9929611545042,40.9677104916362,1.75044671565448,1.65950380132831,0.588320587380031,0.594481642349869,0.543147341263827,0.535492093257537,0.491498451256194,0.443759949107054,0.0449835351884016,0.0370170855387178,52.5234059060073,44.8699357449292,2.19730848012962,1.79556931238898,0.218535789406311,0.504397470473255,0.616165798118328,0.624231497845443,0.611814781809507,0.606780841142793
113,32,1998.0059,2007,0.0377979700792493,0.037123858549794,36.6306471741833,44.5883348994064,1.61881016761626,1.56393109327876,0.590016671826568,0.609232262932415,0.615682493793866,0.630558751515601,0.556017817548211,0.608419850489017,0.0436048461497623,0.055331179672602,49.9929611545042,74.4496337026286,1.75044671565448,1.74126958896196,0.588320587380031,0.590853230517484,0.543147341263827,0.526485814638534,0.491498451256194,0.418416525688909,0.0449835351884016,0.0515113782818945,52.5234059060073,66.8943303464417,2.19730848012962,1.89666452703109,0.218535789406311,0.398936224051176,0.616165798118328,0.631069532921875,0.611814781809507,0.626165419573734
112,114,1988.3837,1991.00664,0.0365054167567209,0.0368996036785364,31.2306371037544,31.1469954413392,1.67393262853149,1.67878072667541,0.602933143678978,0.5976356471335,0.608823440075172,0.613829267764736,0.549992354349027,0.557510564514583,0.0435384720945112,0.0434943471296082,49.2661070723269,54.4168709596353,1.79846949011552,1.77709505792817,0.588866498655457,0.587658984049136,0.555085040670146,0.551447838039338,0.472163680513522,0.467819673240278,0.042810308288547,0.0425210530844993,53.7022629208626,57.6575191709545,2.1516253187263,2.10649223421037,0.234534917822721,0.257184054295899,0.608264575299239,0.606159672997224,0.611874040503701,0.611470521847832
114,115,1991.00664,1996.25931,0.0368996036785364,0.0369326443039864,31.1469954413392,34.8462593464201,1.67878072667541,1.70249257675807,0.5976356471335,0.600804437965912,0.613829267764736,0.615318867127147,0.557510564514583,0.551237313733918,0.0434943471296082,0.0435322859610509,54.4168709596353,48.9568779521281,1.77709505792817,1.76146264247667,0.587658984049136,0.60980627831874,0.551447838039338,0.583250333012996,0.467819673240278,0.467674694883218,0.0425210530844993,0.0411133872693732,57.6575191709545,58.0430938070612,2.10649223421037,2.01390057399606,0.257184054295899,0.305847155316577,0.606159672997224,0.606657252281279,0.611470521847832,0.615939213803692
115,116,1996.25931,2001.18583,0.0369326443039864,0.0362202440118267,34.8462593464201,31.4105263444317,1.70249257675807,1.6962190850882,0.600804437965912,0.597498345492323,0.615318867127147,0.614996381589552,0.551237313733918,0.570096879589996,0.0435322859610509,0.0431631067220225,48.9568779521281,56.6580160731271,1.76146264247667,1.73937335261871,0.60980627831874,0.611212125387315,0.583250333012996,0.586676039464043,0.467674694883218,0.483631774767847,0.0411133872693732,0.0419724790210759,58.0430938070612,56.9066721770676,2.01390057399606,1.93822769571748,0.305847155316577,0.33277874719819,0.606657252281279,0.608802379615285,0.615939213803692,0.61574939742
116,28,2001.18583,2007,0.0362202440118267,0.0380183156198069,31.4105263444317,33.7764195585755,1.6962190850882,1.62411825579753,0.597498345492323,0.598704101645207,0.614996381589552,0.631580163861472,0.570096879589996,0.601916163309815,0.0431631067220225,0.0557697527111244,56.6580160731271,70.5292878364513,1.73937335261871,1.72078293643071,0.611212125387315,0.610489898626343,0.586676039464043,0.523661848686685,0.483631774767847,0.403762065375568,0.0419724790210759,0.0433015618562955,56.9066721770676,57.1478901305859,1.93822769571748,1.94537230232158,0.33277874719819,0.434110567861745,0.608802379615285,0.640429657687938,0.61574939742,0.646880582920491
116,27,2001.18583,2007,0.0362202440118267,0.0383091549923286,31.4105263444317,37.7229778526977,1.6962190850882,1.71529177063301,0.597498345492323,0.657346733823381,0.614996381589552,0.636911125714307,0.570096879589996,0.617113027582243,0.0431631067220225,0.0552103659084136,56.6580160731271,50.6346051240622,1.73937335261871,1.61905023640008,0.611212125387315,0.684288052560941,0.586676039464043,0.601723409065392,0.483631774767847,0.490441426318706,0.0419724790210759,0.0453380494140547,56.9066721770676,58.2214755109604,1.93822769571748,1.97163824770655,0.33277874719819,0.412973568462819,0.608802379615285,0.638006217260619,0.61574939742,0.633241639457043
115,117,1996.25931,2003.15875,0.0369326443039864,0.0364013093196866,34.8462593464201,34.2961195973311,1.70249257675807,1.72339477089597,0.600804437965912,0.605710795751101,0.615318867127147,0.611594558838873,0.551237313733918,0.549700549203122,0.0435322859610509,0.0425597719268488,48.9568779521281,50.8074597703532,1.76146264247667,1.73858254091665,0.60980627831874,0.581217449776849,0.583250333012996,0.586551891136644,0.467674694883218,0.475503525140046,0.0411133872693732,0.0498432814352884,58.0430938070612,54.065961368474,2.01390057399606,1.97174810712402,0.305847155316577,0.276894241908266,0.606657252281279,0.603264717064587,0.615939213803692,0.613392601486139
117,29,2003.15875,2005,0.0364013093196866,0.0374192800773154,34.2961195973311,46.9519418695595,1.72339477089597,1.44292491532288,0.605710795751101,0.500636222830115,0.611594558838873,0.561976322717029,0.549700549203122,0.493834333624434,0.0425597719268488,0.0519962088782882,50.8074597703532,74.679331921106,1.73858254091665,1.67286326490717,0.581217449776849,0.571565321913541,0.586551891136644,0.594220749751415,0.475503525140046,0.581285466974917,0.0498432814352884,0.0548758169513067,54.065961368474,67.0255579264396,1.97174810712402,2.56181325347001,0.276894241908266,0.182696690988231,0.603264717064587,0.570456769429563,0.613392601486139,0.545308576109884
117,30,2003.15875,2005,0.0364013093196866,0.0389200489430825,34.2961195973311,47.6876526267501,1.72339477089597,1.90683274793408,0.605710795751101,0.449555367555114,0.611594558838873,0.531053385917052,0.549700549203122,0.4317422685573,0.0425597719268488,0.051532965357948,50.8074597703532,59.9937454217999,1.73858254091665,1.92504772271741,0.581217449776849,0.588165404912014,0.586551891136644,0.560725474741354,0.475503525140046,0.501543125149774,0.0498432814352884,0.0497129521833766,54.065961368474,67.1994623102154,1.97174810712402,2.34778860144754,0.276894241908266,0.0999507860518797,0.603264717064587,0.590453869675131,0.613392601486139,0.583935018800286
114,35,1991.00664,2007,0.0368996036785364,0.0359858997606112,31.1469954413392,35.0977680992985,1.67878072667541,1.63541596372297,0.5976356471335,0.712923902551212,0.613829267764736,0.634117354560429,0.557510564514583,0.616842823168145,0.0434943471296082,0.044880848651468,54.4168709596353,56.9593040866058,1.77709505792817,1.65745242081152,0.587658984049136,0.621687201389146,0.551447838039338,0.531363907347199,0.467819673240278,0.440766539197484,0.0425210530844993,0.0461398844469663,57.6575191709545,60.9399839596624,2.10649223421037,1.98097450254094,0.257184054295899,0.481393309867303,0.606159672997224,0.633595525120716,0.611470521847832,0.640817500755555
111,33,1988.25638,2007,0.0363559813491742,0.0295049876860986,30.6222798270623,17.0805057850241,1.66940024113538,1.65642570922993,0.598058052970347,0.558573943073254,0.608042371250715,0.637688623671505,0.550590065582568,0.611984477267365,0.0436097453001291,0.0377528112968299,49.3949015273888,42.6566190909832,1.79317663061914,1.68274658182709,0.586368552374074,0.627856886882349,0.554486885515099,0.536415789452525,0.469713257802289,0.430186481750905,0.0430456842233679,0.0352779412375158,53.1434914776613,46.4918840832839,2.1755349646327,1.72908425140316,0.23211516975189,0.406819348520344,0.608272685447613,0.622654830714007,0.611440209610597,0.60943002826634
109,118,1962.57004,1967.99623,0.0388115127056674,0.0408310211177426,29.8168292425316,28.2913711048405,1.87778356180075,1.85985943046501,0.583632462815281,0.590163657031279,0.60672890939697,0.606044750843571,0.537298723268367,0.548845874571013,0.0445822469698931,0.0452103501731405,34.9081796103707,34.6977608165881,1.83335189798226,1.79294758057142,0.523140153820101,0.503915560734902,0.55637624822197,0.593887984038456,0.498827099171395,0.509354090775758,0.0469958765467479,0.043138881210874,52.699897943831,52.4880465585191,2.35212177084909,2.50680919166886,0.282225510417231,0.284767408848164,0.609700882347766,0.610722195084737,0.60606607296796,0.603341994181203
118,36,1967.99623,1987,0.0408310211177426,0.0573668560187537,28.2913711048405,15.2638520960313,1.85985943046501,2.45064095981764,0.590163657031279,0.64543492714688,0.606044750843571,0.569751423249387,0.548845874571013,0.525916211893881,0.0452103501731405,0.0336190029558094,34.6977608165881,12.5755533058725,1.79294758057142,1.459473345527,0.503915560734902,0.588526452453395,0.593887984038456,0.56926469609976,0.509354090775758,0.504258753240813,0.043138881210874,0.040688121534133,52.4880465585191,24.201814457635,2.50680919166886,1.84600481236659,0.284767408848164,0.392386953493883,0.610722195084737,0.585348887145555,0.603341994181203,0.533546766572702
118,119,1967.99623,1973.57888,0.0408310211177426,0.0412761252555194,28.2913711048405,23.3207713120714,1.85985943046501,1.84559287303235,0.590163657031279,0.609447976054216,0.606044750843571,0.609287163674154,0.548845874571013,0.555284585961936,0.0452103501731405,0.0461899829210848,34.6977608165881,43.830275110812,1.79294758057142,1.78134562782495,0.503915560734902,0.508646514492163,0.593887984038456,0.592104806108851,0.509354090775758,0.496720038278336,0.043138881210874,0.0518992740700115,52.4880465585191,50.6170141260594,2.50680919166886,2.4445159315041,0.284767408848164,0.283842176181171,0.610722195084737,0.609594453332556,0.603341994181203,0.604516788826465
119,37,1973.57888,1998,0.0412761252555194,0.0432179427704622,23.3207713120714,30.5619492164389,1.84559287303235,2.85979542214604,0.609447976054216,0.589275580330704,0.609287163674154,0.633133400380358,0.555284585961936,0.633037002795025,0.0461899829210848,0.043093725595304,43.830275110812,41.4945148263203,1.78134562782495,2.36668240107597,0.508646514492163,0.573492612640921,0.592104806108851,0.626789488559937,0.496720038278336,0.627611990461531,0.0518992740700115,0.0608027069003924,50.6170141260594,55.7056907102624,2.4445159315041,3.435065749625,0.283842176181171,0.229217346043282,0.609594453332556,0.625498021491932,0.604516788826465,0.635551482948897
119,38,1973.57888,1988,0.0412761252555194,0.0354145621399775,23.3207713120714,37.0290783037936,1.84559287303235,1.6375858115769,0.609447976054216,0.519810962160011,0.609287163674154,0.633056257901619,0.555284585961936,0.601560272667943,0.0461899829210848,0.052690807311967,43.830275110812,68.7775397814653,1.78134562782495,1.67684792997055,0.508646514492163,0.431135382024039,0.592104806108851,0.561858710534714,0.496720038278336,0.46752681566383,0.0518992740700115,0.0424793991360067,50.6170141260594,60.3620262932867,2.4445159315041,1.88716494034447,0.283842176181171,0.425825082571018,0.609594453332556,0.63518223627264,0.604516788826465,0.620858941918485
108,39,1962.19454,1998,0.0384370762329176,0.0436104571812891,29.2152445065874,37.4977733038368,1.89368036489696,2.27896038785072,0.582705292420625,0.736147914397101,0.606112606155903,0.624082356310452,0.538884522243693,0.590951745709408,0.0442098047605235,0.0411025353560857,33.3097653499432,40.9970943514099,1.83487963445774,3.21929212604012,0.52197809058986,0.485111473423294,0.55961116839315,0.641385577065208,0.500004764452283,0.597642313035075,0.0478201483422946,0.052945381310633,52.3068757403719,46.2978992629399,2.37495076564355,3.52236181209735,0.288482782385001,0.236151958316433,0.609757497882353,0.641759104701117,0.604651369930384,0.622674132802765
